Block Nr.: 1
[6, 11, 25, 34, 35, 49]
[4, 5, 9, 25, 31, 44]
[5, 18, 20, 23, 25, 40]

Block Nr.: 2
[13, 15, 18, 20, 25, 29]
[7, 20, 26, 33, 44, 47]
[15, 19, 24, 26, 28, 29]

Block Nr.: 3
[1, 4, 11, 25, 41, 43]
[15, 18, 24, 37, 38, 43]
[1, 5, 14, 24, 33, 45]

Block Nr.: 4
[5, 12, 13, 21, 24, 47]
[1, 18, 22, 28, 30, 41]
[13, 15, 32, 34, 39, 47]

Block Nr.: 5
[3, 10, 20, 26, 31, 33]
[2, 5, 10, 19, 38, 45]
[2, 5, 16, 21, 29, 33]

Block Nr.: 6
[6, 10, 17, 18, 20, 23]
[3, 9, 21, 37, 39, 49]
[12, 22, 31, 33, 40, 42]

Block Nr.: 7
[11, 14, 24, 32, 37, 40]
[4, 9, 10, 32, 34, 35]
[17, 18, 27, 30, 35, 37]


Vorschlag: Block Nr. 2