[5, 7]
[11, 13]
[17, 19]
[41, 43]
[59, 61]
[137, 139]
[149, 151]
[179, 181]
[191, 193]
[197, 199]
[227, 229]
[269, 271]
[347, 349]
[419, 421]
[431, 433]
[461, 463]
[599, 601]
[617, 619]
[1019, 1021]
[1031, 1033]
[1229, 1231]
[1289, 1291]
[1319, 1321]
[1427, 1429]
[1607, 1609]
[1697, 1699]
[1787, 1789]
[2027, 2029]
[2081, 2083]
[2087, 2089]
[2141, 2143]
[2309, 2311]
[2381, 2383]
[2549, 2551]
[2591, 2593]
[2711, 2713]
[2789, 2791]
[3299, 3301]
[3329, 3331]
[3359, 3361]
[3371, 3373]
[3389, 3391]
[3539, 3541]
[3581, 3583]
[3929, 3931]
[4001, 4003]
[4019, 4021]
[4091, 4093]
[4127, 4129]
[4217, 4219]
[4229, 4231]
[4241, 4243]
[4421, 4423]
[4517, 4519]
[4637, 4639]
[4787, 4789]
[5009, 5011]
[5021, 5023]
[5099, 5101]
[5231, 5233]
[5417, 5419]
[5441, 5443]
[5477, 5479]
[5519, 5521]
[5651, 5653]
[5657, 5659]
[5741, 5743]
[6131, 6133]
[6197, 6199]
[6269, 6271]
[6299, 6301]
[6449, 6451]
[6569, 6571]
[6947, 6949]
[6959, 6961]
[7127, 7129]
[7211, 7213]
[7307, 7309]
[7547, 7549]
[7559, 7561]
[7877, 7879]
[8837, 8839]
[8969, 8971]
[8999, 9001]
[9041, 9043]
[9239, 9241]
[9281, 9283]
[9419, 9421]
[9431, 9433]
[9437, 9439]
[9461, 9463]
[9629, 9631]
[10067, 10069]
[10301, 10303]
[10331, 10333]
[10427, 10429]
[10457, 10459]
[10529, 10531]
[10709, 10711]
[11057, 11059]
[11069, 11071]
[11117, 11119]
[11159, 11161]
[11171, 11173]
[11351, 11353]
[11489, 11491]
[11549, 11551]
[11831, 11833]
[11939, 11941]
[11969, 11971]
[12071, 12073]
[12107, 12109]
[12377, 12379]
[12539, 12541]
[13217, 13219]
[13679, 13681]
[13709, 13711]
[13721, 13723]
[13757, 13759]
[13877, 13879]
[13931, 13933]
[13997, 13999]
[14009, 14011]
[14321, 14323]
[14387, 14389]
[14561, 14563]
[14591, 14593]
[14867, 14869]
[15287, 15289]
[15329, 15331]
[15581, 15583]
[15641, 15643]
[15647, 15649]
[15731, 15733]
[15737, 15739]
[15887, 15889]
[16061, 16063]
[16067, 16069]
[16187, 16189]
[16361, 16363]
[16451, 16453]
[16631, 16633]
[16649, 16651]
[16901, 16903]
[16979, 16981]
[17027, 17029]
[17189, 17191]
[17291, 17293]
[17387, 17389]
[17417, 17419]
[17579, 17581]
[17597, 17599]
[17681, 17683]
[17747, 17749]
[17789, 17791]
[17837, 17839]
[17987, 17989]
[18119, 18121]
[18251, 18253]
[18287, 18289]
[18311, 18313]
[18521, 18523]
[18539, 18541]
[18911, 18913]
[18917, 18919]
[19079, 19081]
[19139, 19141]
[19181, 19183]
[19379, 19381]
[19421, 19423]
[19427, 19429]
[19697, 19699]
[19751, 19753]
[19889, 19891]
[20147, 20149]
[20231, 20233]
[20441, 20443]
[20477, 20479]
[20549, 20551]
[20807, 20809]
[20981, 20983]
[21191, 21193]
[21317, 21319]
[21521, 21523]
[21587, 21589]
[21599, 21601]
[21611, 21613]
[21839, 21841]
[22037, 22039]
[22157, 22159]
[22271, 22273]
[22277, 22279]
[22367, 22369]
[22541, 22543]
[22571, 22573]
[22697, 22699]
[22739, 22741]
[22961, 22963]
[23027, 23029]
[23039, 23041]
[23201, 23203]
[23369, 23371]
[23627, 23629]
[23669, 23671]
[23741, 23743]
[23831, 23833]
[24107, 24109]
[24179, 24181]
[24371, 24373]
[24419, 24421]
[24917, 24919]
[25301, 25303]
[25307, 25309]
[25409, 25411]
[25469, 25471]
[25577, 25579]
[25601, 25603]
[25997, 25999]
[27107, 27109]
[27239, 27241]
[27281, 27283]
[27407, 27409]
[27581, 27583]
[27689, 27691]
[27749, 27751]
[27791, 27793]
[28097, 28099]
[28109, 28111]
[28307, 28309]
[28409, 28411]
[28547, 28549]
[28619, 28621]
[28751, 28753]
[29129, 29131]
[29207, 29209]
[29669, 29671]
[29879, 29881]
[30269, 30271]
[30389, 30391]
[30467, 30469]
[30491, 30493]
[30557, 30559]
[30869, 30871]
[31121, 31123]
[31151, 31153]
[31181, 31183]
[31247, 31249]
[31319, 31321]
[31391, 31393]
[31847, 31849]
[32027, 32029]
[32189, 32191]
[32369, 32371]
[32561, 32563]
[32969, 32971]
[33071, 33073]
[33179, 33181]
[33287, 33289]
[33347, 33349]
[33617, 33619]
[33749, 33751]
[33809, 33811]
[33827, 33829]
[34259, 34261]
[34301, 34303]
[34367, 34369]
[34469, 34471]
[34499, 34501]
[34511, 34513]
[35051, 35053]
[35081, 35083]
[35447, 35449]
[35507, 35509]
[35531, 35533]
[35591, 35593]
[35801, 35803]
[35837, 35839]
[35897, 35899]
[36107, 36109]
[36467, 36469]
[36779, 36781]
[36929, 36931]
[37199, 37201]
[37307, 37309]
[37337, 37339]
[37547, 37549]
[37571, 37573]
[37691, 37693]
[37811, 37813]
[37991, 37993]
[38459, 38461]
[38567, 38569]
[38609, 38611]
[38651, 38653]
[38669, 38671]
[38711, 38713]
[39161, 39163]
[39239, 39241]
[39341, 39343]
[39371, 39373]
[39509, 39511]
[39827, 39829]
[39839, 39841]
[40037, 40039]
[40127, 40129]
[40151, 40153]
[40529, 40531]
[40637, 40639]
[40847, 40849]
[41231, 41233]
[41411, 41413]
[41609, 41611]
[41957, 41959]
[42071, 42073]
[42281, 42283]
[42461, 42463]
[42569, 42571]
[42839, 42841]
[43049, 43051]
[43577, 43579]
[43607, 43609]
[43781, 43783]
[43787, 43789]
[43889, 43891]
[43961, 43963]
[44267, 44269]
[44621, 44623]
[45179, 45181]
[45317, 45319]
[45341, 45343]
[45587, 45589]
[45821, 45823]
[46181, 46183]
[46271, 46273]
[46307, 46309]
[46349, 46351]
[46679, 46681]
[46769, 46771]
[46817, 46819]
[46829, 46831]
[47057, 47059]
[47147, 47149]
[47417, 47419]
[47657, 47659]
[48119, 48121]
[48311, 48313]
[48407, 48409]
[48647, 48649]
[48677, 48679]
[48731, 48733]
[48779, 48781]
[48821, 48823]
[49031, 49033]
[49121, 49123]
[49169, 49171]
[49199, 49201]
[49547, 49549]
[49667, 49669]
[49739, 49741]
[49937, 49939]
[49991, 49993]
[50459, 50461]
[50549, 50551]
[50591, 50593]
[50969, 50971]
[51059, 51061]
[51131, 51133]
[51239, 51241]
[51341, 51343]
[51347, 51349]
[51419, 51421]
[51437, 51439]
[51719, 51721]
[51869, 51871]
[52067, 52069]
[52181, 52183]
[52289, 52291]
[52859, 52861]
[53087, 53089]
[53171, 53173]
[53267, 53269]
[53279, 53281]
[53591, 53593]
[53897, 53899]
[54401, 54403]
[54419, 54421]
[54539, 54541]
[54581, 54583]
[54917, 54919]
[55661, 55663]
[56501, 56503]
[56597, 56599]
[56807, 56809]
[56891, 56893]
[57221, 57223]
[57329, 57331]
[57347, 57349]
[57527, 57529]
[57557, 57559]
[57791, 57793]
[57899, 57901]
[58391, 58393]
[58439, 58441]
[58451, 58453]
[58787, 58789]
[58907, 58909]
[59051, 59053]
[59357, 59359]
[59417, 59419]
[59441, 59443]
[59627, 59629]
[60089, 60091]
[60101, 60103]
[60167, 60169]
[60257, 60259]
[60647, 60649]
[60659, 60661]
[60761, 60763]
[60917, 60919]
[61331, 61333]
[61379, 61381]
[61559, 61561]
[61979, 61981]
[62141, 62143]
[62969, 62971]
[62981, 62983]
[62987, 62989]
[63029, 63031]
[63689, 63691]
[64151, 64153]
[64187, 64189]
[64451, 64453]
[64577, 64579]
[64781, 64783]
[64877, 64879]
[64919, 64921]
[65099, 65101]
[65447, 65449]
[65519, 65521]
[65537, 65539]
[65579, 65581]
[65981, 65983]
[66107, 66109]
[66359, 66361]
[66569, 66571]
[66749, 66751]
[66851, 66853]
[66947, 66949]
[67271, 67273]
[67409, 67411]
[67577, 67579]
[67931, 67933]
[68279, 68281]
[68447, 68449]
[68711, 68713]
[68879, 68881]
[69149, 69151]
[69401, 69403]
[69491, 69493]
[69497, 69499]
[69737, 69739]
[69761, 69763]
[69827, 69829]
[69857, 69859]
[70181, 70183]
[70199, 70201]
[70457, 70459]
[70571, 70573]
[70877, 70879]
[70949, 70951]
[70979, 70981]
[71261, 71263]
[71339, 71341]
[71387, 71389]
[71471, 71473]
[71711, 71713]
[72167, 72169]
[72221, 72223]
[72227, 72229]
[72251, 72253]
[72269, 72271]
[72647, 72649]
[73061, 73063]
[73361, 73363]
[73679, 73681]
[74159, 74161]
[74201, 74203]
[74609, 74611]
[74717, 74719]
[74729, 74731]
[75539, 75541]
[75617, 75619]
[75707, 75709]
[76001, 76003]
[76079, 76081]
[76157, 76159]
[76367, 76369]
[76829, 76831]
[76871, 76873]
[76961, 76963]
[77417, 77419]
[77549, 77551]
[77711, 77713]
[78191, 78193]
[78437, 78439]
[78509, 78511]
[78569, 78571]
[78779, 78781]
[78887, 78889]
[79151, 79153]
[79397, 79399]
[79559, 79561]
[79691, 79693]
[79697, 79699]
[79811, 79813]
[79901, 79903]
[80207, 80209]
[80627, 80629]
[80669, 80671]
[80777, 80779]
[80909, 80911]
[81197, 81199]
[81281, 81283]
[81371, 81373]
[81647, 81649]
[81701, 81703]
[81899, 81901]
[82007, 82009]
[82217, 82219]
[82349, 82351]
[82529, 82531]
[82721, 82723]
[82727, 82729]
[82757, 82759]
[82889, 82891]
[83219, 83221]
[83339, 83341]
[83561, 83563]
[83639, 83641]
[83717, 83719]
[84059, 84061]
[84179, 84181]
[84317, 84319]
[84347, 84349]
[84809, 84811]
[84977, 84979]
[85199, 85201]
[85331, 85333]
[85361, 85363]
[85931, 85933]
[86027, 86029]
[86369, 86371]
[86927, 86929]
[87011, 87013]
[87149, 87151]
[87179, 87181]
[87221, 87223]
[87251, 87253]
[87509, 87511]
[87539, 87541]
[87557, 87559]
[87719, 87721]
[87959, 87961]
[88589, 88591]
[88607, 88609]
[88799, 88801]
[89069, 89071]
[89657, 89659]
[89669, 89671]
[89897, 89899]
[90017, 90019]
[90197, 90199]
[90371, 90373]
[90401, 90403]
[91127, 91129]
[91139, 91141]
[91151, 91153]
[91367, 91369]
[91811, 91813]
[91967, 91969]
[92177, 92179]
[92219, 92221]
[92381, 92383]
[92459, 92461]
[92957, 92959]
[93131, 93133]
[93479, 93481]
[93557, 93559]
[93809, 93811]
[94007, 94009]
[94109, 94111]
[94151, 94153]
[94397, 94399]
[94529, 94531]
[94541, 94543]
[94949, 94951]
[95087, 95089]
[95189, 95191]
[95987, 95989]
[96179, 96181]
[96221, 96223]
[96329, 96331]
[96587, 96589]
[96737, 96739]
[96797, 96799]
[96821, 96823]
[97001, 97003]
[97301, 97303]
[97379, 97381]
[97499, 97501]
[97547, 97549]
[97607, 97609]
[98009, 98011]
[98321, 98323]
[98387, 98389]
[98711, 98713]
[98897, 98899]
[98909, 98911]
[98927, 98929]
[99131, 99133]
[99137, 99139]
[99257, 99259]
[99527, 99529]
[99707, 99709]
[99989, 99991]
[100391, 100393]
[100517, 100519]
[100547, 100549]
[100799, 100801]
[101279, 101281]
[101837, 101839]
[102059, 102061]
[102197, 102199]
[102497, 102499]
[102761, 102763]
[102911, 102913]
[102929, 102931]
[103289, 103291]
[103391, 103393]
[103421, 103423]
[103811, 103813]
[103967, 103969]
[103979, 103981]
[103991, 103993]
[104087, 104089]
[104147, 104149]
